# Graph with 100 nodes
# Format: node_id score neighbor1 neighbor2 ...
0 79 2 4 11 13 14 15 17 18 20 21 22 32 33 36 37 42 47 48 49 52 54 58 62 63 72 78 79 81 91 92 95 96 98
1 15 5 8 13 15 19 21 23 32 35 49 58 59 63 67 72 75 76 78 83 84 88 96 98 99
2 83 0 10 17 19 21 22 24 25 36 38 41 42 50 51 53 70 72 75 76 77 78 79 83 86 88 90 91 93 94 95
3 32 11 13 14 21 23 27 30 33 35 37 39 43 47 51 52 54 60 70 74 78 79 81 89 91 95 98
4 56 0 9 13 15 16 17 18 19 20 22 24 25 30 36 37 38 40 41 42 43 45 48 50 56 59 60 73 76 78 85 86 90 92 93 94 96
5 42 1 12 14 16 21 22 26 31 38 41 44 54 59 69 73 74 80 85 89 92 93 99
6 73 11 13 16 17 20 22 23 24 28 31 39 40 41 45 50 52 53 54 59 60 61 63 66 68 71 73 74 84 85 86 88 89 90 93 94
7 78 8 12 14 20 22 23 26 31 37 38 39 42 49 51 53 55 57 58 60 62 65 71 72 79 82 83 86 94
8 71 1 7 13 15 16 20 27 29 31 35 36 39 43 44 45 47 48 52 59 63 64 66 67 75 77 79 80 83 84 86 91 97 98 99
9 16 4 10 17 19 21 25 28 31 41 44 45 48 54 59 64 66 71 75 81 83 84 89
10 37 2 9 11 13 14 17 25 26 34 36 37 38 42 44 46 47 50 51 68 74 77 82 83 85 87 88 89 91 95
11 3 0 3 6 10 15 23 28 29 30 32 34 36 37 44 45 46 49 53 58 62 65 66 75 77 79 85 86 88 92 93 94 95 98
12 85 5 7 15 18 22 27 32 34 36 40 45 46 50 51 56 62 63 67 70 71 72 74 80 84 85 89 91 93 96
13 93 0 1 3 4 6 8 10 18 22 27 29 38 44 45 52 54 55 57 65 75 78 80 83 85 87 88 92 93 95
14 17 0 3 5 7 10 18 23 27 29 31 32 41 44 48 51 55 57 58 63 66 67 68 71 74 75 77 80 84 88 89 90 98
15 46 0 1 4 8 11 12 19 22 23 26 30 32 33 35 43 45 49 50 59 60 62 63 68 69 73 75 76 78 85 86 87 90 91
16 96 4 5 6 8 17 22 23 27 28 30 33 35 46 47 48 49 52 55 57 59 63 65 70 74 75 76 77 78 79 80 81 82 85 89 94 95 98
17 97 0 2 4 6 9 10 16 20 32 35 37 38 40 42 46 50 53 54 57 62 72 73 75 78 79 80 81 83 89 99
18 49 0 4 12 13 14 23 24 35 37 41 43 46 47 52 55 62 63 64 65 67 69 77 78 82 83 84 85 91 93 98 99
19 90 1 2 4 9 15 24 25 29 34 36 38 43 48 52 54 55 57 58 59 61 62 63 64 66 67 77 78 80 81 88 90 91 92 99
20 16 0 4 6 7 8 17 23 29 34 38 40 41 44 46 49 57 58 59 60 62 63 64 68 72 73 83 91 92 95 97
21 92 0 1 2 3 5 9 22 23 25 26 29 30 32 33 34 36 37 40 41 44 45 49 55 58 60 61 63 66 77 79 84 86 87 91 94 97 98
22 70 0 2 4 5 6 7 12 13 15 16 21 23 24 25 30 34 36 48 58 59 60 61 64 65 67 69 73 74 77 78 84 91 94 95 97 98
23 12 1 3 6 7 11 14 15 16 18 20 21 22 24 33 36 37 40 42 43 44 48 49 51 52 53 54 59 65 67 68 70 80 83 85 88 90 92 99
24 90 2 4 6 18 19 22 23 38 39 49 51 52 54 59 60 62 64 67 68 69 70 74 80 87 90 91 92 97 99
25 39 2 4 9 10 19 21 22 30 31 32 33 34 36 37 44 45 46 47 48 49 51 53 64 70 71 75 76 79 84 85 87 88 93 96 97 98
26 74 5 7 10 15 21 31 34 39 45 46 47 49 51 53 57 59 70 78 80 82 86 93 94 96 98
27 7 3 8 12 13 14 16 30 32 42 43 44 46 47 49 51 57 58 59 62 70 72 78 81 85 89 90 92 93 94 97 98 99
28 59 6 9 11 16 35 40 53 55 56 58 60 62 67 74 78 81 83 84 90 91 95 97 98 99
29 78 8 11 13 14 19 20 21 31 36 37 39 41 44 45 47 48 49 50 54 56 57 59 62 63 66 67 72 73 74 77 78 79 84 85 87 89 92 93 94 97
30 11 3 4 11 15 16 21 22 25 27 31 35 38 39 42 54 55 57 64 66 68 71 75 79 82 84 88 89 91 95 96 97 98
31 22 5 6 7 8 9 14 25 26 29 30 32 35 41 46 56 58 60 66 67 71 81 83 85 86 97
32 85 0 1 11 12 14 15 17 21 25 27 31 37 46 47 48 51 57 60 62 63 67 68 74 82 84 85 88 95 96
33 41 0 3 15 16 21 23 25 40 41 45 49 52 53 58 60 61 62 64 68 75 84 87 90 92
34 8 10 11 12 19 20 21 22 25 26 36 37 46 49 51 52 53 54 55 56 66 67 68 69 70 75 77 78 79 81 83 84 85 92 99
35 68 1 3 8 15 16 17 18 28 30 31 38 40 42 44 54 55 56 60 64 67 69 71 72 73 74 75 81 96 99
36 63 0 2 4 8 10 11 12 19 21 22 23 25 29 34 39 40 42 48 51 52 56 59 62 64 67 79 86 89 90 91 97 98
37 38 0 3 4 7 10 11 17 18 21 23 25 29 32 34 39 40 42 52 53 55 57 62 65 71 78 80 87 89 92 96 99
38 16 2 4 5 7 10 13 17 19 20 24 30 35 46 56 57 61 67 70 72 74 78 79 83 91 94 95 99
39 97 3 6 7 8 24 26 29 30 36 37 46 47 48 54 57 59 62 63 65 66 70 74 77 78 81 85 86 90 93 96 98
40 31 4 6 12 17 20 21 23 28 33 35 36 37 42 47 48 49 55 57 60 67 68 72 73 77 78 79 88 90 91 95 96
41 12 2 4 5 6 9 14 18 20 21 29 31 33 44 45 50 51 53 56 59 61 67 70 74 76 78 80 83 89 91 92 96 98 99
42 1 0 2 4 7 10 17 23 27 30 35 36 37 40 43 44 46 47 49 50 56 57 58 59 62 65 67 73 75 76 77 81 83 91 93 97
43 35 3 4 8 15 18 19 23 27 42 45 46 48 50 53 55 57 62 63 66 67 73 74 78 79 85 86 88 91 93
44 63 5 8 9 10 11 13 14 20 21 23 25 27 29 35 41 42 46 48 50 56 59 61 65 68 70 71 75 80 84 88 89 94 95
45 48 4 6 8 9 11 12 13 15 21 25 26 29 33 41 43 47 48 54 55 58 59 60 63 65 66 67 68 71 72 75 77 79 82 83 84 88 92 93 95
46 37 10 11 12 16 17 18 20 25 26 27 31 32 34 38 39 42 43 44 48 51 55 56 61 62 64 65 69 73 75 77 80 82 86 91 93 95 96 98
47 63 0 3 8 10 16 18 25 26 27 29 32 39 40 42 45 50 52 53 56 57 58 60 61 62 63 69 73 81 84 85 88 90 91 93 94 95 99
48 77 0 4 8 9 14 16 19 22 23 25 29 32 36 39 40 43 44 45 46 54 56 61 63 65 66 67 68 73 86 87 90 94 96
49 43 0 1 7 11 15 16 20 21 23 24 25 26 27 29 33 34 40 42 50 56 59 61 68 74 76 81 84 87 90 92 93 95 97
50 33 2 4 6 10 12 15 17 29 41 42 43 44 47 49 51 52 54 56 69 73 77 82 84 86 93 94 95
51 4 2 3 7 10 12 14 23 24 25 26 27 32 34 36 41 46 50 54 59 62 63 73 77 79 83 84 89 90 91 92 99
52 46 0 3 6 8 13 16 18 19 23 24 33 34 36 37 47 50 53 59 67 73 80 81 82 83 86 88 91 93 94 96 98 99
53 100 2 6 7 11 17 23 25 26 28 33 34 37 41 43 47 52 56 72 77 81 86 88 93 95 96 98 99
54 88 0 3 5 6 9 13 17 19 23 24 29 30 34 35 39 45 48 50 51 60 62 63 77 79 80 84 85 86 87 89 91 93 96 97 98
55 89 7 13 14 16 18 19 21 28 30 34 35 37 40 43 45 46 57 69 70 73 76 78 79 80 83 84 85 86 94 96
56 15 4 12 28 29 31 34 35 36 38 41 42 44 46 47 48 49 50 53 61 65 68 73 75 76 81 82 86 87 92 97 98 99
57 80 7 13 14 16 17 19 20 26 27 29 30 32 37 38 39 40 42 43 47 55 62 70 77 78 79 84 86 87 96
58 97 0 1 7 11 14 19 20 21 22 27 28 31 33 42 45 47 59 60 61 64 66 69 76 79 80 81 86 87 95 98 99
59 7 1 4 5 6 8 9 15 16 19 20 22 23 24 26 27 29 36 39 41 42 44 45 49 51 52 58 61 62 65 66 68 69 70 91 93 94 96
60 61 3 4 6 7 15 20 21 22 24 28 31 32 33 35 40 45 47 54 58 64 67 68 69 70 74 75 78 80 83 84 89 90 95 96 99
61 95 6 19 21 22 33 38 41 44 46 47 48 49 56 58 59 63 65 67 74 84 85 87 90 92 99
62 69 0 7 11 12 15 17 18 19 20 24 27 28 29 32 33 36 37 39 42 43 46 47 51 54 57 59 66 67 69 75 82 83 85 90 91
63 8 0 1 6 8 12 14 15 16 18 19 20 21 29 32 39 43 45 47 48 51 54 61 65 66 69 70 71 72 74 77 78 81 83 93 95 97
64 93 8 9 18 19 20 22 24 25 30 33 35 36 46 58 60 65 66 67 70 79 81 82 86 87 95 98 99
65 78 7 11 13 16 18 22 23 37 39 42 44 45 46 48 56 59 61 63 64 67 68 69 71 74 78 79 83 85 86 88 91
66 18 6 8 9 11 14 19 21 29 30 31 34 39 43 45 48 58 59 62 63 64 69 74 79 80 87 90 97 98 99
67 58 1 8 12 14 18 19 22 23 24 28 29 31 32 34 35 36 38 40 41 42 43 45 48 52 60 61 62 64 65 68 69 73 76 78 79 80 88 97
68 96 6 10 14 15 20 23 24 30 32 33 34 40 44 45 48 49 56 59 60 65 67 70 71 76 83 88 89
69 12 5 15 18 22 24 34 35 46 47 50 55 58 59 60 62 63 65 66 67 72 79 84 97 99
70 51 2 3 12 16 23 24 25 26 27 34 38 39 41 44 55 57 59 60 63 64 68 76 80 86 87 88 90 96 99
71 60 6 7 9 12 14 25 30 31 35 37 44 45 63 65 68 73 75 76 88 91 94 96 97
72 82 0 1 2 7 12 17 20 27 29 35 38 40 45 53 63 69 74 75 84 85 86 87 91 92 93
73 96 4 5 6 15 17 20 22 29 35 40 42 43 46 47 48 50 51 52 55 56 67 71 77 79 80 82 85 87 89 91
74 28 3 5 6 10 12 14 16 22 24 28 29 32 35 38 39 41 43 49 60 61 63 65 66 72 80 81 85 94 96 98
75 60 1 2 8 9 11 13 14 15 16 17 25 30 33 34 35 42 44 45 46 56 60 62 71 72 76 84 85 86 91 92 94 98 99
76 28 1 2 4 15 16 25 41 42 49 55 56 58 67 68 70 71 75 79 82 88 89 90 94
77 82 2 8 10 11 14 16 18 19 21 22 29 34 39 40 42 45 46 50 51 53 54 57 63 73 84 86 88 90 94 96
78 22 0 1 2 3 4 13 15 16 17 18 19 22 26 27 28 29 34 37 38 39 40 41 43 55 57 60 63 65 67 81 83 84 87 94
79 96 0 2 3 7 8 11 16 17 21 25 29 30 34 36 38 40 43 45 51 54 55 57 58 64 65 66 67 69 73 76 80 81 84 85 88 90 97 98
80 94 5 8 12 13 14 16 17 19 23 24 26 37 41 44 46 52 54 55 58 60 66 67 70 73 74 79 83 85 89 92 93 95 96
81 72 0 3 9 16 17 19 27 28 31 34 35 39 42 47 49 52 53 56 58 63 64 74 78 79 82 85 88
82 98 7 10 16 18 26 30 32 45 46 50 52 56 62 64 73 76 81 83 85 88 90 91 95 97
83 38 1 2 7 8 9 10 13 17 18 20 23 28 31 34 38 41 42 45 51 52 55 60 62 63 65 68 78 80 82 84 90 98
84 54 1 6 8 9 12 14 18 21 22 25 28 29 30 32 33 34 44 45 47 49 50 51 54 55 57 60 61 69 72 75 77 78 79 83 92 94 97
85 84 4 5 6 10 11 12 13 15 16 18 23 25 27 29 31 32 34 39 43 47 54 55 61 62 65 72 73 74 75 79 80 81 82 87 89 97 99
86 89 2 4 6 7 8 11 15 21 26 31 36 39 43 46 48 50 52 53 54 55 56 57 58 64 65 70 72 75 77 87 89
87 94 10 13 15 21 24 25 29 33 37 48 49 54 56 57 58 61 64 66 70 72 73 78 85 86 96 97
88 96 1 2 6 10 11 13 14 19 23 25 30 32 40 43 44 45 47 52 53 65 67 68 70 71 76 77 79 81 82 90 91
89 69 3 5 6 9 10 12 14 16 17 27 29 30 36 37 41 44 51 54 60 68 73 76 80 85 86 91 96
90 22 2 4 6 14 15 19 23 24 27 28 33 36 39 40 47 48 49 51 60 61 62 66 70 76 77 79 82 83 88 95 97
91 54 0 2 3 8 10 12 15 18 19 20 21 22 24 28 30 36 38 40 41 42 43 46 47 51 52 54 59 62 65 71 72 73 75 82 88 89 95 97
92 95 0 4 5 11 13 19 20 23 24 27 29 33 34 37 41 45 49 51 56 61 72 75 80 84 94 97 99
93 42 2 4 5 6 11 12 13 18 25 26 27 29 39 42 43 45 46 47 49 50 52 53 54 59 63 72 80 95 96
94 65 2 4 6 7 11 16 21 22 26 27 29 38 44 47 48 50 52 55 59 71 74 75 76 77 78 84 92 95 97
95 12 0 2 3 10 11 13 16 20 22 28 30 32 38 40 44 45 46 47 49 50 53 58 60 63 64 80 82 90 91 93 94 98 99
96 86 0 1 4 12 25 26 30 32 35 37 39 40 41 46 48 52 53 54 55 57 59 60 70 71 74 77 80 87 89 93 99
97 18 8 20 21 22 24 25 27 28 29 30 31 36 42 49 54 56 63 66 67 69 71 79 82 84 85 87 90 91 92 94
98 52 0 1 3 8 11 14 16 18 21 22 25 26 27 28 30 36 39 41 46 52 53 54 56 58 64 66 74 75 79 83 95
99 56 1 5 8 17 18 19 23 24 27 28 34 35 37 38 41 47 51 52 53 56 58 60 61 64 66 69 70 75 85 92 95 96
